function para=paraset()
% Be used for SimulationAnalysis.m
    para=zeros(11,9);
    %para[i]=[bt1_0;bt2_0;bt3_0;bt4_0;alpha_0;p1_0;p2_0;a_0;b_0;c_0;d_0]
    para(:,1)=[0.3;0.5;0.5;0.5;0.5;2;2;0.6;0.4;0.5;0.5];
    para(:,2)=[0.3;0.5;0.5;0.5;0.5;1.5;1.5;0.6;0.4;0.5;0.5];
    para(:,3)=[0.3;0.5;0.5;0.5;0.3;2;2;0.6;0.4;0.5;0.5];
    para(:,4)=[0.3;1.2;1.2;1.2;0.5;2;2;0.6;0.4;0.5;0.5];
    para(:,5)=[0.6;0.5;0.5;0.5;0.5;2;2;0.6;0.4;0.5;0.5];
    para(:,6)=[0.3;0.5;0.5;0.5;0.5;2;2;1;0.4;0.5;0.5];
    para(:,7)=[0.3;0.5;0.5;0.5;0.5;2;2;0.6;0.8;0.5;0.5];
    para(:,8)=[0.3;0.5;0.5;0.5;0.5;2;2;0.6;0.4;0.8;0.5];
    para(:,9)=[0.3;0.5;0.5;0.5;0.5;2;2;0.6;0.4;0.5;0.8];

end
    
    

